1
2
2
3
4
5
1
4
4
2
8
11
10
11
1
2
9
7
10
12
9
10
13
5
10
24
16
23
18
11
25
25
7
24
24
16
11
6
29
11
6
26
41
16
24
39
23
5
20
6
20
37
37
31
45
20
19
4
35
58
58
51
46
52
16
50
59
12
24
44
1
42
1
36
46
71
9
61
25
26
69
80
10
51
61
19
51
22
41
33
35
24
70
14
43
49
65
3
82
75
98
98
89
90
83
57
23
87
60
105
102
15
5
108
106
59
41
111
46
46
116
40
41
66
70
5
25
91
10
49
91
46
67
86
93
7
132
109
125
63
1
135
136
57
35
36
130
44
11
129
3
98
16
120
118
132
97
123
19
83
115
45
147
103
127
55
120
90
153
19
75
102
153
39
20
55
54
140
55
151
88
10
54
159
27
178
139
4
89
100
75
69
179
108
104
60
13
117
126
80
137
68
167
43
116
132
9
206
127
89
203
112
152
116
25
74
58
1
186
180
20
92
187
168
160
141
209
94
150
136
55
109
195
41
2
138
184
113
109
25
198
157
80
124
79
34
18
76
41
204
205
155
207
106
207
72
95
49
77
254
175
146
216
127
161
73
90
196
104
227
216
25
89
177
2
80
162
40
168
216
157
1
147
180
64
78
139
53
239
57
15
85
192
51
11
84
127
272
42
87
289
150
260
216
138
38
184
200
137
246
35
169
160
111
228
53
304
122
193
164
179
231
231
98
175
278
12
19
29
99
105
271
266
265
173
303
162
56
69
221
74
107
217
271
165
98
176
53
159
248
320
148
230
203
1
42
7
277
289
147
356
22
162
6
216
315
350
229
220
258
303
156
43
325
167
43
1
167
143
233
288
108
94
140
73
5
344
300
342
98
308
199
244
79
288
351
397
89
321
330
262
50
243
218
64
360
195
283
18
85
130
229
157
301
15
170
177
354
370
158
127
331
268
217
281
424
98
190
303
16
168
252
134
65
390
300
49
352
296
218
383
174
248
187
290
347
409
341
62
46
93
425
80
231
244
95
218
340
402
183
203
16
30
386
311
86
123
436
200
296
285
203
453
308
173
230
462
159
187
457
284
20
427
327
145
466
167
59
276
136
377
24
29
393
494
456
474
354
483
89
