1
2
1
4
4
4
3
4
1
8
11
2
5
8
14
16
3
11
10
13
12
13
9
2
1
9
26
10
27
19
27
13
3
29
31
15
6
34
35
19
8
38
37
12
19
5
43
13
11
27
50
38
35
37
8
3
27
54
4
7
53
39
27
16
4
45
12
2
43
50
16
6
2
30
7
73
40
42
15
23
68
56
26
44
36
27
25
3
56
41
71
35
31
31
21
11
74
98
23
85
72
13
40
63
88
19
9
90
56
42
6
21
109
31
12
23
9
10
65
20
23
28
100
32
93
4
19
30
100
41
63
26
17
64
33
24
20
4
51
69
27
67
36
63
105
137
8
137
138
6
21
66
68
8
46
64
115
13
6
124
58
8
29
38
49
79
148
115
156
100
42
124
156
126
30
32
109
53
5
106
69
35
183
167
92
157
151
27
45
43
61
47
103
175
115
143
18
80
182
62
181
41
174
166
81
6
60
43
47
58
31
171
72
16
46
134
37
82
150
220
179
144
112
131
93
6
214
209
225
46
132
41
57
17
169
191
207
211
150
49
34
193
195
38
55
43
213
219
20
201
174
155
161
206
118
200
88
146
85
186
60
180
1
232
98
226
157
173
1
119
24
69
121
177
246
15
111
237
255
194
217
54
63
204
232
235
28
27
222
229
263
140
16
207
181
190
161
173
132
73
71
125
158
58
62
29
50
16
126
258
224
149
40
125
147
235
221
60
28
19
228
15
146
233
11
281
303
20
33
27
211
230
282
304
301
290
26
245
193
137
332
83
94
37
59
314
57
304
179
56
24
287
33
176
175
91
40
2
229
210
268
101
16
223
139
202
291
245
61
368
241
327
49
194
8
188
216
147
55
273
68
286
128
114
93
206
362
244
385
211
4
200
331
375
159
260
109
56
253
42
278
158
141
147
137
231
290
101
354
346
352
382
54
337
4
290
272
164
261
375
392
181
353
94
195
134
422
242
318
379
142
418
354
266
44
254
162
111
241
28
388
98
134
253
428
420
16
173
414
226
446
155
19
48
439
26
243
132
445
46
106
237
12
383
227
302
158
165
182
222
371
420
300
205
217
336
466
366
396
443
345
236
409
87
266
439
109
136
126
26
235
361
17
107
23
200
161
343
436
438
